[object0]
name=Cuboid_center
position_x=0
position_y=0
position_z=0.050000000745058
orientation_quaternion_x=1
orientation_quaternion_y=0
orientation_quaternion_z=0
orientation_quaternion_w=0
type=cuboid
size_x=0.10000000149012
size_y=0.10000000149012
size_z=0.10000000149012
color_r=1
color_g=1
color_b=1

[object1]
name=Cuboid_x
position_x=0.5
position_y=0
position_z=0.050000000745058
orientation_quaternion_x=1
orientation_quaternion_y=0
orientation_quaternion_z=0
orientation_quaternion_w=0.5
type=cuboid
size_x=0.30000001192093
size_y=0.10000000149012
size_z=0.10000000149012
color_r=0.99999976158142
color_g=2.3841857910156e-07
color_b=5.9604627722365e-07

[object2]
name=Cuboid_y
position_x=0
position_y=0.5
position_z=0.050000000745058
orientation_quaternion_x=1
orientation_quaternion_y=0
orientation_quaternion_z=0
orientation_quaternion_w=0
type=cuboid
size_x=0.10000000149012
size_y=0.30000001192093
size_z=0.10000000149012
color_r=0
color_g=1
color_b=0

[object3]
name=Cuboid_z
position_x=0
position_y=0
position_z=0.44999998807907
orientation_quaternion_x=0.90630775690079
orientation_quaternion_y=0
orientation_quaternion_z=0.42261829972267
orientation_quaternion_w=0
type=cuboid
size_x=0.10000000149012
size_y=0.10000000149012
size_z=0.5
color_r=0
color_g=0
color_b=1

